5.6626077837697 1.88079096131566E-34
7.63455402685937 6.77084746073638E-33
10.2932107281206 1.17549435082229E-31
13.8777179021515 2.1741943512809E-31
18.7104936699252 2.86068305216112E-31
25.2262350222605 3.00926553810506E-33
34.0110178076802 8.19272542749102E-31
45.8550128980227 6.32698079386588E-31
61.823560228859 3.00926553810506E-31
83.3529936600725 2.71586214813981E-31
112.379835880957 1.47855851042417E-31
151.514984142449 1.88079096131566E-30
204.278554419717 6.09376271466274E-32
275.416507693888 1.32708610230433E-30
371.327538153817 8.69677740512361E-31
500.638620923313 2.70833898429455E-32
674.980988499079 5.08565875939754E-31
910.036333183668 1.47454011367148E-31
1226.94733899979 2.70833898429455E-32
1654.21941716569 1.47454011367148E-31
2230.28470183463 9.75002034346038E-31
3006.95893157892 5.30834440921732E-30
4054.10215510348 2.89190418211896E-30
5465.90248087774 6.09376271466274E-30
7369.34807941576 3.27709017099641E-30
9935.64947519225 2.03426350375902E-30
13395.6395369121 4.33334237487128E-31
18060.5363595934 5.89816045468591E-31
24349.9366116415 1.73333694994851E-30
32829.5572836614 7.52316384526264E-30
44262.1206219463 1.31083606839856E-29
59675.9592285713 7.70371977754894E-31
80457.5121980068 8.40805710911827E-31
108476.032103617 2.70983757436172E-30
146251.719938664 5.29094142779213E-30
197182.411360575 1.92592994438724E-31
265849.204141151 1.08333559371782E-29
358428.517304448 1.31083606839856E-29
483247.64571744 3.47871096204944E-30
651533.780982842 3.47871096204944E-30
878423.871329181 7.52316384526264E-30
1184326.15505657 4.00041367188446E-30
1596755.83432037 3.47421519184794E-30
2152810.00385772 2.70833898429455E-30
2902504.44876719 7.52316384526264E-30
3913272.44857511 2.2256527919825E-29
5276030.24459834 9.74566959810409E-32
7113354.74534942 1.30561517397101E-29
9590509.03565002 8.25597438810818E-30
12930307.4084731 3.90000813738415E-30
17433156.9947032 2.4375050858651E-29
23504078.6890215 5.51718018631955E-30
31689137.8416156 1.91142745986625E-29
42724561.5721175 1.73333694994851E-30
57602960.6943859 1.24622749985756E-29
77662612.7610037 1.92592994438724E-29
104707837.030556 1.24504796444985E-29
141171288.807369 8.13705401503607E-30
190332771.153668 8.58547083642503E-32
256614245.581242 3.76293065369177E-29
345977577.251086 8.3708340655144E-31
466460790.940914 2.34607658928328E-29
628901072.763197 8.3708340655144E-31
847909549.964274 7.70371977754894E-31
1143185527.99056 1.41990925448092E-29
1541288397.40296 3.1714033150497E-30
2078026589.56376 1.26867734589605E-30
2801678462.12965 1.91867870212674E-29
3777334825.54174 1.92592994438724E-31
5092753710.71839 1.57479578916507E-29
6866254000.74677 2.77333911991762E-29
9257357940.46888 1.80372234149038E-30
12481139793.0576 3.2440897674689E-29
16827571272.0208 2.47702435618479E-31
22687603825.4489 7.13348208618369E-30
30588333813.5881 3.04697199785963E-29
41240413606.0413 8.13705401503607E-30
55601973117.0126 2.33037523270856E-29
74964801372.704 4.993727510019E-29
101070539943.289 4.8003223764471E-30
136267339569.689 6.57438230293055E-29
183721070885.931 5.92090035041482E-29
247700087152.671 3.04697199785963E-29
333959152750.273 1.94188267736032E-29
450257070910.676 1.38065586304411E-29
607054570103.836 1.55692872823521E-29
818455222343.587 1.06675635341343E-28
1103474026835.65 1.82247888813752E-30
1487747765130.36 1.39148438481978E-29
2005840970265.06 1.91185286607886E-29
2704354926482.56 4.37340790544126E-29
3646119346851.59 7.01649537771438E-29
4915843760484.58 6.24001301981464E-29
6627736938551.3 1.96073590723761E-30
8935779708814.15 7.32334861353246E-29
12047575174567.5 8.50093101999068E-29
16243022133108.8 5.63253294819949E-29
21899491324496.7 2.31500259911631E-29
29525769055879.8 9.6265558585717E-30
39807821351813 1.39345672271463E-29
53670495009926.3 1.56162946688461E-28
72360705429043.5 2.99951986850695E-29
97559593762276.7 7.08494710465345E-30
131533741671360 2.57376559626279E-29
177339045099183 6.2086103066652E-29
239095585034516 1.30831747025342E-28
322358219257474 6.294155628693E-29
434616228935613 3.78998262148492E-32
585966962124635 5.55131903488196E-29
790024066847354 7.75190669945068E-29
1.06514200721316E+15 4.34092234011425E-29
1.43606700496796E+15 5.65473141783962E-29
1.93616290484439E+15 1.06815632658585E-30
2.61041217514722E+15 9.35669362660515E-29
3.51946197662753E+15 1.01459381708834E-28
4.74507923417446E+15 9.7781551634311E-30
6.3975053823908E+15 3.78998262148492E-29
8.62537232738924E+15 8.02857543081908E-31
1.16290715426155E+16 7.71887970803488E-29
1.56787788179118E+16 1.40476092598259E-28
2.11387559462651E+16 1.55567184624339E-29
2.85001152286973E+16 2.4673560331708E-31
3.8424993888656E+16 1.87410773303224E-30
5.18061117821945E+16 9.34911366136218E-29
6.98470694820702E+16 1.02033293362944E-28
9.41706093625436E+16 3.4419229929812E-31
1.26964577518732E+17 3.24391573765465E-30
1.71178715457291E+17 2.03653555966731E-30
2.30789982515272E+17 2.23161911411443E-28
3.11160274144546E+17 8.4019273923274E-29
4.19518711993057E+17 2.02122093601314E-29
5.65611886659268E+17 2.73489786761399E-29
7.62580540949888E+17 9.60180495165588E-30
1.02814154927006E+18 2.50607573317723E-28
1.38618150945566E+18 6.23947159372586E-29
1.86890528694315E+18 6.99708138510229E-29
2.51973276785068E+18 2.82206746790814E-29
3.39720437720256E+18 9.38214065277798E-31
4.58024665462008E+18 1.81455086326605E-30
6.1752715138181E+18 6.28657566345003E-29
8.32574774786617E+18 1.40730562859987E-28
1.12251057149457E+19 8.50000286098134E-29
1.51341359512114E+19 1.81455086326605E-30
2.04044466757055E+19 4.74985373031406E-30
2.75100901355627E+19 3.25211447557051E-29
3.70902025080576E+19 1.03105317018736E-28
5.0006492719934E+19 8.48437885099073E-29
6.7420751170223E+19 1.89035051569574E-30
9.08993500866894E+19 6.35665166865545E-29
1.22554135081073E+20 1.58869883765919E-29
1.65232380772206E+20 1.02320249189999E-28
2.2277289654559E+20 1.50727608856455E-28
3.00351318569525E+20 2.09885370248629E-28
4.04945646285075E+20 4.95752930865461E-29
5.45963897299429E+20 3.21143017232763E-30
7.36090336786886E+20 6.9434028557286E-29
9.92426397773151E+20 1.62061203826378E-28
1.33802891544016E+21 1.62882624549646E-28
1.80398403606682E+21 1.20711719960136E-28
2.43220334391145E+21 1.27536782542173E-29
3.27919371117721E+21 5.59355026980707E-29
4.4211399603334E+21 3.39392943753975E-28
5.96075751250461E+21 8.47958336277579E-29
8.03653140177934E+21 2.34903122879635E-28
1.08351726833872E+22 3.24909795879015E-29
1.46084126608189E+22 1.02454832246354E-28
1.96956455337311E+22 1.56441201024804E-29
2.65544561204E+22 7.73202862733391E-29
3.58017785526537E+22 3.57137023615094E-28
4.82693880726324E+22 7.85029155444106E-29
6.50787172899754E+22 4.98769447645827E-29
8.77417264485611E+22 5.56709773804079E-29
1.18296900749767E+23 4.89116593948657E-29
1.59492607376546E+23 4.24351205208368E-28
2.15034304758129E+23 6.92630926063986E-29
2.89917839976401E+23 9.44169752254417E-30
3.90878813643846E+23 9.28777782016142E-29
5.26998431583413E+23 3.80638009731665E-29
7.1052033826635E+23 3.41111584852942E-28
9.5795190428421E+23 1.29782153878943E-28
1.29154902611353E+24 3.24565603579716E-28
1.74131799247398E+24 1.20013280305605E-28
2.34771448052418E+24 4.96565069998637E-30
3.16528245035369E+24 2.94119667675735E-28
4.26756024790541E+24 1.71414726243034E-28
5.75369520892746E+24 2.64467307724741E-28
7.75736173226451E+24 2.23315057647985E-28
1.04587849825329E+25 1.95609511219089E-30
1.4100951726397E+25 2.37019325420938E-28
1.90114664296321E+25 2.79252107277738E-28
2.56320185203132E+25 2.09850564285779E-28
3.45581113302036E+25 3.26310542517282E-28
4.65926262406644E+25 1.66751500686925E-29
6.28180400039664E+25 1.83896144521177E-28
8.46937910208646E+25 3.55672852777855E-28
1.14187552445646E+26 1.21518444832423E-28
1.53952219830558E+26 4.10480642279574E-28
2.07564532938364E+26 4.3600269463899E-29
2.79846795202693E+26 1.29731105133429E-28
3.77300628756625E+26 7.71764216268909E-29
5.08691780290108E+26 1.01368886205423E-28
6.85838579669174E+26 5.40399699612395E-28
9.24674971343844E+26 1.01844567697711E-28
1.24668373575924E+27 1.11150135232218E-28
1.6808288157165E+27 1.74001969481578E-28
2.2661605559669E+27 6.22756021977262E-29
3.05532819130722E+27 5.62882031216212E-28
4.11931552334928E+27 1.10061868793763E-28
5.55382574912425E+27 6.24279749684267E-29
7.48788974206949E+27 2.50188354831837E-28
1.00954720803457E+28 1.94913391962082E-29
1.36111187578558E+28 4.09513036512334E-28
1.83510540533458E+28 1.51846813928555E-28
2.47416241721079E+28 3.42880501231582E-28
3.33576461000203E+28 2.48706394280252E-28
4.49741110605273E+28 1.00241173009071E-30
6.0635893180824E+28 3.08083819971304E-28
8.17517335003753E+28 1.97437984467495E-28
1.10220952965688E+29 2.49210694008662E-28
1.48604291951913E+29 3.09225455552796E-28
2.00354242930594E+29 1.2706496837909E-29
2.70125594173826E+29 1.7325016068401E-28
3.64194117181934E+29 3.74827734333177E-28
4.91021057799437E+29 1.97818529661326E-28
6.62014205688067E+29 3.7237739454851E-28
8.92553998594159E+29 3.49915946522404E-30
1.20337695711285E+30 1.105158932425E-28
1.62244088670391E+30 9.36203054090888E-29
2.18743961756095E+30 1.32838117417205E-28
2.94919347736355E+30 3.39288525865424E-28
3.97622046208621E+30 1.29942261308054E-30
5.36089927109386E+30 4.93966224772476E-29
7.22777855726235E+30 1.3079616759665E-28
9.7447797899326E+30 7.75848115910019E-29
1.31383014022843E+31 7.41979593659084E-28
1.77135828062114E+31 3.5455674156912E-30
2.38821599706913E+31 1.56858872579009E-30
3.21988821293507E+31 2.49628365562866E-28
4.34118191843678E+31 2.78726150505777E-29
5.8529548862144E+31 6.03433298334418E-28
7.89118759445975E+31 3.34137243363569E-31
1.06392143560896E+32 7.71578584467041E-29
1.4344213815711E+32 3.40290937595514E-28
1.93394420964061E+32 1.21774462025834E-29
2.60742084163988E+32 6.03321919253297E-28
3.51542894129361E+32 1.373675333828E-30
4.7396417348235E+32 7.40670889455911E-30
6.39017432854568E+32 4.45544169255038E-28
8.61548830773051E+32 5.01205865045353E-31
1.16157455124599E+33 4.07007007187107E-28
1.56608121317012E+33 3.5177226454109E-30
2.1114532542173E+33 3.52700423550434E-30
2.84674562676118E+33 6.05456684974786E-28
3.83809617726443E+33 3.44346992466344E-30
5.17467459243672E+33 4.08770509304859E-28
6.97670300609703E+33 1.9509902376395E-29
9.40626970175593E+33 4.9405904067341E-29
1.26819085784289E+34 7.88730962959704E-28
1.70982557688737E+34 2.76777016586156E-29
2.305255147755E+34 3.40708609149719E-28
3.10803708172686E+34 4.96936333602374E-29
4.19037975505508E+34 7.75848115910019E-29
5.64963738522043E+34 9.39983755122279E-28
7.61706681738737E+34 6.25393540495479E-29
1.02696337737218E+35 2.75954048931205E-28
1.38459305103672E+35 2.82129400206702E-29
1.86676366384619E+35 1.98335204843194E-28
2.51684534603671E+35 7.84387178795977E-29
3.39331143976481E+35 1.11267702040068E-28
4.57499804084929E+35 1.97335886976468E-28
6.16819512305823E+35 1.92221730834986E-29
8.31620707515256E+35 2.80239049691006E-28
1.1212242598857E+36 2.7343564415252E-29
1.5116793384239E+36 1.30963236218332E-28
2.03810647341021E+36 4.81547457227463E-28
2.74785656678196E+36 3.81473352840074E-30
3.7047699961291E+36 5.23147544026227E-28
4.99491890884698E+36 7.51808797568029E-31
6.73434921250847E+36 2.80452526263155E-28
9.0795186355656E+36 3.72544463170192E-28
1.22413697377703E+37 3.73119921755985E-30
1.6504303705024E+37 6.44476489727576E-28
2.22517615775643E+37 1.9509902376395E-29
3.00007138837383E+37 4.78385528868967E-28
4.04481609420745E+37 2.50408019130714E-28
5.45338264261332E+37 6.12584946166543E-31
7.35246833331846E+37 6.07229468682632E-28
9.91289152718325E+37 3.76182846486818E-29
1.33649563622603E+38 4.12000502657374E-28
1.80191680777805E+38 1.30536283074034E-28
2.42941622414983E+38 1.92871442141527E-29
3.27543600497329E+38 5.20195998376516E-28
4.4160736707146E+38 1.10961409566985E-28
5.95392693844971E+38 2.78661179375123E-28
8.02732214896737E+38 1.30053640389176E-28
1.08227564008497E+39 1.05453714005542E-27
1.45916725326898E+39 4.82939695741478E-28
1.96730758242445E+39 2.5277482460454E-28
2.65240267364432E+39 4.07174075808789E-28
3.57607524415947E+39 3.78255734941018E-29
4.82140750307711E+39 1.00280155687463E-27
6.50041420372625E+39 4.40980720792434E-28
8.76411811136874E+39 3.35937871841695E-28
1.1816134151265E+40 5.61434103161636E-28
1.59309840997674E+40 2.7343564415252E-29
2.14787891824886E+40 8.3713136143359E-28
2.89585616215987E+40 4.43093829470372E-28
3.9043089629819E+40 1.9847752255796E-28
5.26394531524347E+40 6.44727092660099E-28
7.09706136081841E+40 3.8889862491482E-30
9.56854164372884E+40 7.37979228328815E-28
1.290069009312E+41 3.11220997422884E-28
1.73932257469766E+41 3.72281484784212E-28
2.34502417856419E+41 7.86187807274103E-28
3.1616552777776E+41 1.14163558149219E-30
4.26266994893815E+41 5.63216168459575E-28
5.7471019124997E+41 2.50575087752396E-28
7.74847238662835E+41 4.87469111707073E-28
1.04468000116298E+42 1.05058627653898E-27
1.40847931098437E+42 1.2641525707255E-29
1.89896807372823E+42 5.24004544178188E-28
2.56026461795804E+42 4.46295978052607E-28
3.4518510367047E+42 6.96629744462573E-28
4.65392346401374E+42 1.16723420696988E-27
6.274605531522E+42 7.80241401887578E-29
8.45967383878123E+42 3.75505290409997E-28
1.14056702208661E+43 4.10580419373078E-28
1.53775802313778E+43 8.40284008201992E-28
2.07326679794626E+43 2.74270987260929E-29
2.79526112092433E+43 1.10652023230537E-28
3.76868270976541E+43 3.09847322089056E-28
5.08108858258969E+43 3.46045523453443E-28
6.85052660899906E+43 1.05750724888532E-27
9.2361536426282E+43 6.24774767822584E-29
1.24525513116287E+44 1.74849688043445E-28
1.6789027139291E+44 4.83078919592879E-28
2.26356370859214E+44 2.20224288146872E-28
3.05182701793632E+44 1.49941303482373E-27
4.11459510154402E+44 1.30096954476278E-28
5.54746148787251E+44 2.80563905344276E-28
7.47930919080723E+44 4.13265892773445E-28
1.00839034383537E+45 2.22526122490043E-28
1.35955214525723E+45 1.23034901960522E-27
1.83300251432721E+45 2.50064600297257E-28
2.47132721554739E+45 4.05299194609915E-28
3.33194207785724E+45 2.25069278175644E-28
4.49225741551056E+45 9.67574828606689E-29
6.05664090661145E+45 1.62328823007405E-27
8.16580522411344E+45 2.77797991496434E-28
1.10094648149553E+46 5.19085301428668E-28
1.48434002753107E+46 1.4950785322501E-28
2.00124652229965E+46 7.63782048788557E-29
2.69816050819431E+46 1.35498221137983E-27
3.6377677846575E+46 4.42527652474673E-28
4.90458385070207E+46 3.35940965705059E-28
6.61255587836581E+46 1.13946987713706E-28
8.9153119970111E+46 1.23739374648614E-27
1.20199797878598E+47 1.23407403109605E-27
1.62058169303547E+47 6.49352418389993E-28
2.18493297838511E+47 5.18172611736147E-28
2.94581392629023E+47 7.78261329334312E-29
3.97166401632107E+47 1.42270378656488E-27
5.35475608889005E+47 1.17447384724276E-27
7.219496073604E+47 7.93201595521374E-28
9.73361301459187E+47 6.00314684063025E-28
1.3123245909674E+48 3.82154002780259E-29
1.76932843896292E+48 1.05983692799877E-27
2.38547928345636E+48 1.05481558775823E-27
3.21619846631465E+48 6.09457050305056E-28
4.33620725464331E+48 7.93637830255765E-28
5.8462478457577E+48 7.30151754016687E-30
7.8821448945795E+48 9.48819828891227E-28
1.06270226268686E+49 9.44426542913669E-28
1.43277764393338E+49 8.92536266564652E-28
1.9317280568925E+49 9.47978298056089E-28
2.60443293597281E+49 7.2148893659615E-30
3.51140052751101E+49 8.3757378389471E-28
4.73421046643271E+49 7.93770866380438E-28
6.38285167552999E+49 1.05397096305972E-27
8.60561561440556E+49 1.10784131196201E-27
1.16024347529201E+50 1.38666955995881E-29
1.56428660339439E+50 6.93891675385011E-28
2.10903368962571E+50 9.92192699397837E-28
2.84348347312079E+50 1.35701797347366E-27
3.83369801140817E+50 1.43488742049419E-27
5.16874480952928E+50 4.90439220536971E-29
6.96870823589508E+50 5.60181088499023E-28
9.39549083319054E+50 8.35234823191165E-28
1.26673760772291E+51 1.55885233778208E-27
1.70786624702041E+51 1.49750412112785E-27
2.30261350095601E+51 1.31733608196087E-28
3.10447550798259E+51 4.11267257039992E-28
4.18557789905359E+51 7.39485939787316E-28
5.64316333113224E+51 1.91756723171305E-27
7.60833823903663E+51 1.76115078159516E-28
1.02578655556955E+52 1.96939872465814E-28
1.38300641287013E+52 3.04491844605145E-28
1.86462449488619E+52 6.01351128290125E-28
2.51396123298814E+52 2.32894586783417E-27
3.38942296333664E+52 3.43709656613262E-28
4.56975544159019E+52 1.98607464819268E-28
6.16112684130293E+52 4.79743734885973E-28
8.30667733532266E+52 5.99117358940972E-28
1.11993942229193E+53 1.92747996993284E-27
1.50994706905258E+53 5.2777905748285E-28
2.03577095864229E+53 3.74734918432242E-28
2.74470773247142E+53 2.53474037724912E-28
3.70052461192038E+53 3.66093758055257E-28
4.9891951122601E+53 2.58401633905515E-27
6.72663216129292E+53 6.01895648242273E-28
9.06911419883187E+53 4.85482851427078E-28
1.2227342060524E+54 2.0037096693702E-28
1.64853910301761E+54 3.10373278861017E-28
2.22262627538004E+54 2.25248722250783E-27
2.99663353509013E+54 7.94392732916698E-28
4.04018104307311E+54 3.44467653137559E-28
5.4471334815105E+54 1.15561984389963E-28
7.34404296467494E+54 2.49650022606417E-28
9.90153210859698E+54 2.08613018939988E-27
1.33496411403307E+55 1.00017177301482E-27
1.79985194837548E+55 5.16093535555219E-28
2.4266322982152E+55 5.24347963011645E-29
3.27168260481443E+55 1.6358864416942E-27
4.41101318667759E+55 1.77189267519663E-27
5.94710419171241E+55 1.3641214837585E-27
8.0181234492574E+55 6.00692135393491E-28
1.08103543464267E+56 2.77210157457183E-29
1.45749515874722E+56 1.34482815181762E-27
1.96505319779257E+56 1.76944233541196E-27
2.64936322222433E+56 1.11009055062798E-27
3.57197733433353E+56 7.87796616223632E-28
4.81588253734423E+56 1.4974298684071E-30
6.49296522421108E+56 1.10970691157079E-27
8.75407509961035E+56 1.3558299299417E-27
1.18025937616095E+57 1.11298640673713E-27
1.59127284055146E+57 9.94083049913533E-28
2.145417612621E+57 2.81417811632872E-29
2.89253773158675E+57 1.00551796890864E-27
3.89983492231678E+57 8.87703651989339E-28
5.25791323488789E+57 1.23408021882278E-27
7.08892866911001E+57 1.10912526525826E-27
9.55757682387875E+57 2.86120483946878E-29
1.28859068849699E+58 8.91577168921665E-28
1.73732944351815E+58 6.9265413003922E-28
2.34233695948535E+58 1.2365429340609E-27
3.15803226166501E+58 1.37550690093978E-27
4.2577852538811E+58 1.31056052119266E-29
5.74051617148736E+58 7.00487792078077E-28
7.73959322750468E+58 6.87221305971197E-28
1.04348287745909E+59 1.35953019052561E-27
1.40686530098338E+59 1.61646935521874E-27
1.89679200096766E+59 1.28457206893105E-29
2.55733074973133E+59 5.20858085136514E-28
3.44789547835771E+59 5.24818230243045E-28
4.64859042223174E+59 1.23072647093569E-27
6.26741531154452E+59 3.72538275443463E-28
8.44997969696891E+59 3.32899698017778E-30
1.13926001916076E+60 3.68305870360858E-28
1.53599586958035E+60 3.10438249991671E-28
2.07089099212474E+60 1.4931974633245E-27
2.79205796460582E+60 4.44872800904947E-28
3.76436408645544E+60 5.94021765979678E-31
5.07526604212057E+60 5.21909998680436E-28
6.84267642733667E+60 1.98254764395717E-28
9.22556971410843E+60 1.49370485691627E-27
1.24382816363857E+61 6.84449204396626E-28
1.67697881930756E+61 1.29942261308054E-30
2.26096983700666E+61 3.19311450120993E-28
3.04832985664352E+61 7.70000714151157E-29
4.10988008898257E+61 3.35379738890743E-27
5.54110451957933E+61 8.92802338813997E-28
7.47073847220279E+61 3.6012569562518E-30
1.0072348053144E+62 2.51135077021367E-28
1.35799420206123E+62 1.31674824792162E-29
1.83090203307288E+62 3.15523323817526E-27
2.46849526280912E+62 9.9711503601072E-28
3.32812392604326E+62 1.3056103398095E-29
4.48710963070556E+62 1.50893904012296E-28
6.04970045749074E+62 3.66313422354135E-30
8.15644783334829E+62 2.77184169004921E-27
1.09968488069117E+63 1.35532253634992E-27
1.48263908692754E+63 4.08389964111028E-31
1.99895324622799E+63 1.12666128280812E-28
2.69506862178148E+63 1.95334157379651E-28
3.63359917987941E+63 2.59421680656783E-27
4.89896357121054E+63 1.5045457541454E-27
6.60497839303359E+63 4.04677328073655E-30
8.90509572857726E+63 5.03928464806093E-29
1.20062058066325E+64 1.52750222030983E-28
1.61872462986139E+64 2.41723544666626E-27
2.18242921162687E+64 1.4931974633245E-27
2.94243824792496E+64 3.74976239774672E-30
3.96711279189572E+64 1.2783843422021E-29
5.34861994630495E+64 2.7758142106092E-29
7.21122308104105E+64 1.92232868743098E-27
9.72245903552477E+64 1.77621170845344E-27
1.31082076695106E+65 3.63838331662553E-30
1.76730092334861E+65 7.30151754016687E-31
2.38274570590889E+65 4.04677328073655E-30
3.21251294786279E+65 1.92771200968518E-27
4.33123829143539E+65 2.25708470346745E-27
5.839548491058E+65 2.86986765688932E-29
7.87311255694451E+65 1.2783843422021E-29
1.06148448684405E+66 3.83639057195208E-30
1.43113578989376E+66 1.63026798582431E-27
1.92951444368667E+66 2.4213688481212E-27
2.60144845421814E+66 2.89585610915093E-29
3.50737672998375E+66 1.34397424552902E-29
4.72878542186158E+66 7.64555514629677E-29
6.37553741371685E+66 1.77582806939625E-27
8.59575423443531E+66 2.58789294985084E-27
1.15891392464962E+67 1.30189770377213E-29
1.56249405010482E+67 7.81014867728697E-29
2.10661689767083E+67 1.15920872540243E-28
2.84022505765994E+67 1.63014423128973E-27
3.82930488551497E+67 3.15143397396368E-27
5.16282182170113E+67 2.53040896853885E-28
6.96072262709094E+67 1.11812221992216E-28
9.38472431638748E+67 2.52174615111831E-28
1.26528602291687E+68 1.36219091301906E-27
1.70590916239619E+68 3.56789273372927E-27
2.29997488128309E+68 1.98056757140391E-28
3.10091801553067E+68 1.53047232913972E-28
4.18078154561328E+68 3.09002697390554E-28
5.63669669581687E+68 1.23580040685343E-27
7.59961966297179E+68 3.98534152977149E-27
1.02461108231508E+69 1.52651218403319E-28
1.38142159287007E+69 2.46098267463997E-28
1.86248777725087E+69 4.44761421823826E-28
2.51108042491347E+69 9.9960250215576E-28
3.38553894280645E+69 2.58877160704635E-27
4.56451884995028E+69 1.10389044844557E-28
6.15406665926019E+69 4.40714648543089E-28
8.29715851584875E+69 6.99299748546118E-28
1.11865605702421E+70 8.87827406523918E-28
1.50821678473009E+70 3.73194174476732E-28
2.03343812019639E+70 1.11948351980253E-28
2.74156250648536E+70 5.25449378369399E-28
3.6962840925988E+70 1.00533233710677E-27
4.9834778747082E+70 6.95562361601829E-28
6.71892395323033E+70 1.99937826065993E-28
9.05872168479021E+70 4.97740738077138E-29
1.22133304579279E+71 5.1750433724942E-28
1.64665000278131E+71 1.23128336634129E-27
2.22007931497472E+71 1.77502366492148E-27
2.99319962132428E+71 7.85965049111861E-29
4.03555130335424E+71 2.89338101845935E-29
5.44089148147054E+71 6.04738908674228E-28
7.33562725086233E+71 1.49385336235777E-27
9.89018570703951E+71 1.78179303796296E-27
1.33343434684789E+72 2.95773337644048E-29
1.79778945514442E+72 4.94523120178082E-29
2.42385156244769E+72 7.9438035746324E-28
3.26793350576636E+72 1.95883627513182E-27
4.40595850157019E+72 1.63261932198131E-27
5.94028926332329E+72 4.24478053606311E-30
8.00893529055674E+72 5.13705073037842E-29
1.07979665038133E+73 9.96496263337825E-28
1.4558249803185E+73 1.77931794727138E-27
1.96280139651382E+73 1.35808226247104E-27
2.64632725378411E+73 3.7250114908309E-30
3.56788412039994E+73 1.2919973410058E-29
4.81036390280109E+73 1.3645917509899E-27
6.4855247806588E+73 2.5953429728325E-27
8.7440435963786E+73 9.99627253062676E-28
1.17890688882087E+74 7.76188440880112E-29
1.58944936308968E+74 3.78688875812044E-30
2.14295912746182E+74 1.62697611520451E-27
2.88922310368236E+74 2.59161796134167E-27
3.89536600856166E+74 7.90321208729045E-28
5.25188806683655E+74 7.9153400316792E-29
7.0808052968467E+74 3.81163966503626E-30
9.5466245688765E+74 1.49610569488711E-27
1.28711406172499E+75 2.40959979188273E-27
1.73533859631508E+75 6.02919717015915E-28
2.33965281975478E+75 1.53740258307615E-28
3.15441339725286E+75 1.23259516440783E-29
4.25290615631223E+75 6.93334779979405E-28
5.73393797723273E+75 2.24640468713327E-27
7.73072424322164E+75 5.20771456962309E-28
1.04228712556769E+76 3.72860037233369E-28
1.40525314051492E+76 2.77333911991762E-29
1.89461842182063E+76 7.88860905221012E-28
2.55440024349415E+76 2.08308582784923E-27
3.44394445277937E+76 6.03971630559837E-28
4.64326349170929E+76 4.43734259186819E-28
6.26023333101102E+76 4.93038065763132E-29
8.44029666390417E+76 1.11241713587807E-27
1.13795451396073E+77 1.77493703674728E-27
1.53423573531664E+77 3.72860037233369E-28
2.06851790879562E+77 6.93334779979405E-28
2.78885847886043E+77 7.70371977754894E-29
3.76005041195878E+77 1.49144014893348E-27
5.06945017383925E+77 1.77493703674728E-27
6.83483524138445E+77 2.49600520792586E-28
9.21499791396362E+77 9.98402083170343E-28
1.24240283131031E+78 4.68694311266078E-27
1.67505712932269E+78 1.62901806502506E-27
2.25837893780046E+78 1.49144014893348E-27
3.04483670283109E+78 1.97215226305253E-28
4.10517047946635E+78 1.23259516440783E-27
5.53475483588787E+78 4.44966854351227E-27
7.46217757498942E+78 1.77493703674728E-27
1.00608059095258E+79 1.92592994438724E-27
1.35643804414941E+79 1.10933564796705E-28
1.82880395881002E+79 1.35893616875963E-27
2.46566655527291E+79 3.56056646528219E-27
3.32431014954026E+79 2.24640468713327E-27
4.48196774486968E+79 1.92592994438724E-27
6.04276796159616E+79 7.70371977754894E-29
8.14710116543983E+79 6.04714157767312E-28
1.09842472558522E+80 3.35574033510032E-27
1.48094009547244E+80 2.41588652223935E-27
1.9966625980759E+80 1.49144014893348E-27
2.69198027843497E+80 2.78323948268395E-29
3.62943535200488E+80 7.88860905221012E-28
4.89334973213141E+80 3.15544362088405E-27
6.59740959092244E+80 2.41454997326589E-27
8.89489116720836E+80 1.36111424856823E-27
1.19924476093383E+81 3.08148791101958E-30
1.61686969474017E+81 1.11241713587807E-27
2.1799283139946E+81 2.96130988248981E-27
2.93906643782998E+81 2.77333911991762E-27
3.96256678282685E+81 1.357946132483E-27
5.34249083527218E+81 0
7.20295956869768E+81 1.36002520866393E-27
9.7113178380679E+81 2.41598552586701E-27
1.3093186662025E+82 3.35574033510032E-27
1.7652757311128E+82 1.11241713587807E-27
2.38001526083309E+82 3.08148791101958E-30
3.20883165273433E+82 1.63129514846132E-27
4.32627502228106E+82 2.24640468713327E-27
5.83285681330876E+82 3.56220002513863E-27
7.86409056968027E+82 8.89757977263352E-28
1.06026810647958E+83 2.76715139318866E-29
1.42949581729381E+83 2.08061073715765E-27
1.92730336711291E+83 2.41520587229916E-27
2.59846739245224E+83 3.77313962932871E-27
3.50335754342199E+83 8.90550006284658E-28
4.72336659397832E+83 1.10686055727547E-28
6.36823153349063E+83 2.41588652223935E-27
8.58590415485516E+83 2.24779073792056E-27
1.15758589757103E+84 4.2204380191114E-27
1.56070355094477E+84 2.08061073715765E-27
2.10420287517549E+84 1.10933564796705E-28
2.83697037609496E+84 2.59153133316746E-27
3.82491679380943E+84 1.77379849502915E-27
5.15690562116603E+84 4.68694311266078E-27
6.95274616918594E+84 1.62955020952375E-27
9.37397013719233E+84 2.48969372666232E-28
1.26383610151645E+85 2.96289394053243E-27
1.70395432044192E+85 1.63010710492936E-27
2.29733928526724E+85 5.43787325303329E-27
3.09736459969397E+85 1.49153915256114E-27
4.17599068842856E+85 3.74048080765328E-28
5.63023747077281E+85 3.56220002513863E-27
7.59091107773087E+85 1.35893616875963E-27
1.0234369560634E+86 2.75353839438496E-29
1.37983858895298E+86 1.49371723236973E-27
1.86035350813115E+86 5.20870460589972E-28
2.50820291802542E+86 3.99543989979314E-27
3.38165937306785E+86 1.35695609620637E-27
4.55928825904575E+86 7.70371977754894E-29
6.14701456764814E+86 1.23175363357269E-27
8.2876506042168E+86 5.21563485983615E-28
1.1173741623953E+87 4.44874038450293E-27
1.5064884831816E+87 9.97560552335205E-28
2.03110795500564E+87 1.9652220091161E-28
2.73842088468855E+87 1.00079054568772E-27
3.69204843258927E+87 6.94102058093795E-28
4.97776718867509E+87 4.93138306936142E-27
6.71122457818689E+87 2.24511763997365E-27
9.04834107977802E+87 2.49204506281933E-28
1.21993349115608E+88 8.91032648969516E-28
1.64476306730993E+88 8.90550006284658E-28
2.21753527319194E+88 5.96798817735633E-27
2.98976964256209E+88 1.77741212743886E-27
4.03092686896445E+88 3.73454058999349E-28
5.4346566342871E+88 7.89776688776897E-28
7.32722118081662E+88 9.95976494292593E-28
9.87885230759393E+88 6.23783494000605E-27
1.33190633265934E+89 1.62792902512076E-27
1.7957293253736E+89 5.19583413430349E-28
2.42107401319146E+89 7.88959908848675E-28
3.26418870290012E+89 1.23477324421642E-27
4.40090960874659E+89 6.52628200920302E-27
5.9334821443227E+89 1.23211252172297E-27
7.9997576607855E+89 8.90649009912321E-28
1.0785592856723E+90 6.03526114235352E-28
1.45415671578699E+90 1.48936107275255E-27
1.96055217562764E+90 6.52052742334509E-27
2.64329476433235E+90 9.95877490664929E-28
3.56379559697776E+90 1.11162510685676E-27
4.80485159219293E+90 4.42645219282523E-28
6.47809286328813E+90 1.92365286095098E-27
8.7340235884856E+90 6.51712417364416E-27
1.17755595132825E+91 7.9100185866923E-28
1.58762797519427E+91 1.11297403128367E-27
2.14050345953936E+91 3.71473986446083E-28
2.88591227408905E+91 2.24587254263458E-27
3.89090221584123E+91 5.70004723453912E-27
5.24586980316889E+91 6.0555568860245E-28
7.07269123334924E+91 1.48832153466208E-27
9.53568486432476E+91 3.06626610326635E-28
1.28563912705484E+92 1.00226322464921E-27
1.73335003047133E+92 5.6957900785496E-27
2.33697175584393E+92 5.22157507749594E-28
3.15079867978374E+92 1.77814227919288E-27
4.2480326498179E+92 1.98440396197586E-28
5.72736732108742E+92 1.23675331676969E-27
7.72186542211845E+92 5.18206025460484E-27
1.04109274391692E+93 5.19323528907733E-28
1.40364282745959E+93 2.08017759628663E-27
1.89244733342975E+93 5.96160244337204E-27
2.55147309539384E+93 1.62575094531217E-27
3.43999795477522E+93 4.9294772495289E-27
4.6379426654435E+93 3.74976239774671E-28
6.2530595804803E+93 2.59479845288035E-27
8.43062472685806E+93 5.43471751240153E-27
1.13665050477024E+94 1.92418500544967E-27
1.53247761803282E+94 4.93150682389599E-27
2.0661475448394E+94 3.08544805612611E-28
2.7856626594819E+94 2.96299294416009E-27
3.75574168060449E+94 5.18631741059436E-27
5.06364097010004E+94 2.24655319257477E-27
6.82700304083426E+94 4.68811878073928E-27
9.20443822829726E+94 1.968192117946E-28
1.24097913230434E+95 3.55749735282463E-27
1.67313764144823E+95 4.93453880999318E-27
2.25579100756744E+95 2.41391882513954E-27
3.04134755190681E+95 4.44886413903751E-27
4.10046626680394E+95 7.71114504962369E-29
5.52841242845001E+95 2.08338283873222E-27
7.45362648791202E+95 4.45267577870254E-27
1.00492769923246E+96 2.78028174930751E-27
1.35488366947606E+96 4.21905196832412E-27
1.82670828878038E+96 2.76343875715129E-29
2.46284108922016E+96 2.42177723808531E-27
3.32050074333477E+96 4.43867914084165E-27
4.47683175124315E+96 3.15885924603843E-27
6.03584340981354E+96 3.99021745843391E-27
8.13776520810134E+96 1.2499207992489E-29
1.09716601452108E+97 2.96328995504308E-27
1.47924305093204E+97 3.77938923332495E-27
1.99437457483226E+97 3.14945390141042E-27
2.68889547409461E+97 3.56227427785938E-27
3.62527629555993E+97 1.85631801868649E-31
4.88774232608409E+97 3.55651969200145E-27
6.58984946208207E+97 3.56320243686872E-27
8.88469829948974E+97 3.78473542921877E-27
1.19787051778899E+98 3.35347562711752E-27
1.61501688523336E+98 3.19286699214077E-30
2.17743028220048E+98 3.99104661381558E-27
2.93569849157254E+98 3.15574063176704E-27
3.95802598313797E+98 4.21780204752487E-27
5.33636874773349E+98 3.15493622729227E-27
7.19470552570975E+98 1.21774462025834E-29
9.70018940757514E+98 4.21360676880264E-27
1.30781828674701E+99 3.1655419909057E-27
1.76325285959292E+99 4.21499281958992E-27
2.37728794463934E+99 2.77492317796023E-27
3.20515457608967E+99 4.94523120178082E-29
4.32131744065489E+99 5.16824924854581E-27
5.82617280371239E+99 2.77728688957069E-27
7.85507892092616E+99 5.18636691240819E-27
1.05905311999434E+100 3.98360896628738E-27
1.42785772397753E+100 1.51252792162575E-28
1.92509482426448E+100 5.70875955377349E-27
2.59548974675601E+100 2.59903085796296E-27
3.49934296254162E+100 5.94777906185956E-27
4.71795397565916E+100 3.77675326173842E-27
6.36093402524646E+100 2.50293546186229E-28
8.57606536271566E+100 5.70653197215106E-27
1.15625939231033E+101 2.2555996490525E-27
1.5589151035603E+101 6.2358796183597E-27
2.10179161896594E+101 3.56249703602162E-27
2.83371942414726E+101 3.08297296543453E-28
3.82053373052278E+101 6.2379091927268E-27
5.150996200146E+101 2.08265268697821E-27
6.94477885169396E+101 5.21996626854642E-28
9.36322828146754E+101 3.35513393788088E-27
1.26238784161549E+102 4.43103111060466E-28
1.70200171858762E+102 7.1012208259506E-27
2.29470670944377E+102 1.6310352639387E-27
3.09381525580122E+102 6.03451861514605E-28
4.17120532120143E+102 2.95778287825431E-27
5.62378564750877E+102 6.05122547731423E-28
7.58221247186576E+102 7.40010040241258E-27
1.02226417527099E+103 1.36007471047776E-27
1.37825739903774E+103 8.87245760211396E-28
1.85822168472137E+103 2.77962585027424E-27
2.5053287085411E+103 6.06199212182261E-28
3.37778424902059E+103 8.32604420558686E-27
4.55406366199974E+103 2.08367984961521E-27
6.13997055719603E+103 9.97313043266047E-28
8.2781535879277E+103 2.42177723808531E-27
1.11609373672E+104 6.9981951759135E-28
1.50476216213508E+104 8.98738843837757E-27
2.02878046000676E+104 2.25071134493662E-27
2.73528286295093E+104 1.35519878181534E-27
3.68781762632342E+104 2.24874364783682E-27
4.97206304665299E+104 8.96935740268939E-28
6.70353402604075E+104 9.66369459439889E-27
9.03797237014827E+104 1.77530830035101E-27
1.21853554030235E+105 1.62865917687478E-27
1.64287829412291E+105 2.25290180019867E-27
2.2149941466873E+105 1.23159275267774E-27
2.98634359429432E+105 1.03837974802078E-26
4.02630773382432E+105 1.63381974096673E-27
5.42842893176331E+105 1.92084363301603E-27
7.31882474348663E+105 2.08590743123764E-27
9.86753189536031E+105 1.49181141253721E-27
1.33038006945863E+106 1.03736124820119E-26
1.79367155635443E+106 1.22833800841831E-27
2.41829964679499E+106 2.42751944848978E-27
3.26044819129264E+106 1.62757013697048E-27
4.39586650156959E+106 1.77060562803701E-27
5.92668282576185E+106 1.00149223389878E-26
7.99059054787955E+106 9.95716609769977E-28
1.07732333888905E+107 2.42117084086588E-27
1.45249036295946E+107 1.34819427515817E-27
1.9583055321774E+107 2.2426920510959E-27
2.64026574988271E+107 1.00177191914693E-26
3.55971175869196E+107 8.92072187059981E-28
4.79934559827268E+107 2.96635906750064E-27
6.47066946232859E+107 1.1187286171416E-27
8.72401506275834E+107 2.24155350937777E-27
1.17620656190712E+108 9.30431142598118E-27
1.58580867447054E+108 6.0419438872208E-28
2.13805060562534E+108 3.56171738245377E-27
2.88260523845425E+108 1.11044943877826E-27
3.88644353828732E+108 1.49568492946954E-27
5.23985843597316E+108 8.66146849611005E-27
7.06458646795085E+108 6.0466465595348E-28
9.52475769584134E+108 3.55645781473416E-27
1.2841658825474E+109 9.94590443505307E-28
1.73136374337254E+109 1.77780814194951E-27
2.33429376422805E+109 8.34897592084437E-27
3.14718810450548E+109 4.40467139473931E-28
4.24316472799062E+109 4.004597735352E-27
5.72080419441351E+109 5.44079386004936E-27
7.7130167525499E+109 2.0791256827427E-27
1.0398997309365E+110 7.67946388877144E-27
1.40203435970031E+110 3.07851780218968E-28
1.89027873294094E+110 4.44120373334706E-27
2.54854930158223E+110 6.527903193606E-27
3.43605597915729E+110 2.43311315345276E-27
4.63262793643916E+110 7.10034216875509E-27
6.24589405052138E+110 1.93057073943395E-28
8.42096387311531E+110 4.95879469877069E-27
1.13534798987489E+111 5.96219646513802E-27
1.53072151541741E+111 2.40856025379227E-27
2.06377989713958E+111 7.11266812039916E-27
2.78247050226914E+111 1.10686055727547E-28
3.75143788672837E+111 5.45064472100186E-27
5.05783842326567E+111 4.93443980636552E-27
6.81917981538919E+111 3.1431671710538E-27
9.19389064322574E+111 7.10034216875509E-27
1.23955706474902E+112 4.81157630443539E-29
1.67122035316064E+112 4.01375557091085E-27
2.25320604290516E+112 4.43135287239456E-27
3.03786239928388E+112 3.15623564990535E-27
4.09576744481089E+112 5.95378115678664E-27
5.52207728892784E+112 1.1682428064267E-29
7.44508519972914E+112 4.45828185911898E-27
1.00377612863842E+113 4.4350160066181E-27
1.35333107599771E+113 2.77739826865181E-27
1.82461502022904E+113 5.43257655895331E-27
2.46001886093629E+113 1.28209697823947E-29
3.31669570241864E+113 4.46511310942774E-27
4.47170164307402E+113 3.14009805859624E-27
6.02892679303981E+113 3.96761988041976E-27
8.12843994905841E+113 5.43480414057573E-27
1.09590874584389E+114 1.15784742552205E-28
1.47754795107552E+114 5.44515001966655E-27
1.99208917348876E+114 3.57606053301149E-27
2.68581420470512E+114 3.16613601267168E-27
3.62112200507667E+114 3.96588731693565E-27
4.88214134569697E+114 3.96014510653118E-31
6.58229799657345E+114 4.91300552097642E-27
8.87451711202099E+114 2.06947282904553E-27
1.19649784942211E+115 4.90914437949755E-27
1.61316619890506E+115 4.90914437949755E-27
2.17493511296054E+115 1.08458474105123E-28
2.93233440472502E+115 6.54458530486727E-27
3.95349038685978E+115 3.15816622064479E-27
5.33025367564078E+115 3.17831345887426E-27
7.18646094122627E+115 2.78333848631161E-27
9.68907372941553E+115 1.0746843782849E-28
1.30631962661211E+116 5.41747850573466E-27
1.76123230612973E+116 1.48416338230022E-27
2.37456375374222E+116 5.43500214783106E-27
3.20148171309471E+116 5.42628982859669E-27
4.31636554003967E+116 4.76702467198691E-29
5.81949645348212E+116 7.73653948011932E-27
7.84607759883518E+116 2.77423015256659E-27
1.05783952579112E+117 3.16286889295879E-27
1.42622150779138E+117 3.14009805859624E-27
1.92288881223801E+117 1.97512237188243E-28
2.59251551321493E+117 5.45703045498614E-27
3.49533298206532E+117 5.98179918341535E-28
4.71254755978824E+117 6.54602085746838E-27
6.35364487939077E+117 4.90142209653981E-27
8.56623784508285E+117 4.75217412783742E-29
1.15493440712358E+118 9.01284474614049E-27
1.55712870560033E+118 2.0791256827427E-27
2.09938312587236E+118 3.5777930964956E-27
2.83047219754266E+118 1.76127453612974E-27
3.81615568989268E+118 5.94962300442479E-28
5.14509355087257E+118 4.939885005887E-27
6.93682066414125E+118 3.01020529910202E-28
9.35249873509092E+118 1.24610915958387E-27
1.26094124131004E+119 4.00509275349031E-27
1.70005135426634E+119 1.17319298780986E-29
2.2920771503517E+119 1.03836489747663E-26
3.09026997918618E+119 1.48000522993837E-27
4.16642543764042E+119 1.92364048549752E-28
5.61734121754254E+119 1.2247243760086E-27
7.57352383393988E+119 6.09911848219634E-28
1.02109273839607E+120 5.47193050094946E-27
1.37667802104575E+120 3.02802595208141E-28
1.85609230421875E+120 1.77518454581643E-27
2.50245779268187E+120 3.56531863941002E-27
3.37391356557041E+120 1.17319298780986E-29
4.54884505194432E+120 1.18466255807465E-26
6.13293461864313E+120 2.06452264766237E-27
8.26866745449547E+120 2.03897971172524E-28
1.11481477831496E+121 7.79950578731317E-28
1.50303781932093E+121 1.01439116903796E-27
2.02645563213983E+121 6.00585706493753E-27
2.73214843714735E+121 5.0442348294441E-29
3.68359166823933E+121 2.44029091645835E-27
4.96636544114299E+121 3.12782160876599E-27
6.69585228668145E+121 1.1682428064267E-29
9.0276155422705E+121 1.34727106633021E-26
1.21713919139382E+122 1.47688661566697E-27
1.64099568074236E+122 3.1849467019277E-28
2.21245593211999E+122 3.01020529910202E-28
2.98292147201664E+122 1.79102512624256E-27
4.02169389186094E+122 1.41824676700201E-26
5.42220836571219E+122 5.42539879594772E-29
7.31043792783412E+122 3.55002257893605E-27
9.85622445545698E+122 2.39316518969063E-27
1.32885555523932E+123 1.38110060590275E-29
1.79161614538187E+123 4.9466172525681E-27
2.41552845961124E+123 8.06533052758907E-28
3.25671196602663E+123 4.51258534889228E-28
4.39082917340922E+123 1.0746843782849E-28
5.91989129870228E+123 2.44029091645835E-27
7.98143393978651E+123 1.25594021981083E-26
1.07608880840666E+124 2.02115905874585E-28
1.45082591964546E+124 4.02657654069324E-27
1.95606146320942E+124 2.05833492093341E-27
2.63724020645266E+124 4.72247303953844E-29
3.55563260017383E+124 3.989895696644E-27
4.79384591380238E+124 5.96249347602101E-28
6.46325456802128E+124 6.1733712029438E-28
8.71401800603884E+124 4.58881814219301E-29
1.17485871878345E+125 1.79597530762572E-27
1.58399145852693E+125 1.10830601023935E-26
2.13560056249515E+125 6.02783587027878E-28
2.87930199243035E+125 4.96285384750488E-27
3.88198997003826E+125 1.49579630855066E-27
5.2338539573461E+125 1.15834244366037E-29
7.05649098999586E+125 2.79021923843421E-27
9.51384304906021E+125 4.39378099569635E-28
1.28269432626599E+126 6.03130099724699E-28
1.7293797324074E+126 1.21472500961461E-27
2.33161884138654E+126 2.75467693610309E-27
3.14358166667144E+126 1.02927636445714E-26
4.23830238443103E+126 1.22710046307252E-27
5.71424858858295E+126 6.51958688888229E-27
7.70417822288227E+126 7.05554302723745E-27
1.03870808505814E+127 1.53455622878083E-30
1.40042773512259E+127 2.05462228489604E-27
1.88811261750295E+127 1.8716635809743E-28
2.54562885821563E+127 8.0148386774808E-28
3.43211852074309E+127 4.52743589304178E-28
4.62731929770957E+127 3.16692804169299E-27
6.23873673171399E+127 9.65161615182397E-27
8.41131408997484E+127 2.10714370937141E-27
1.13404696756243E+128 5.45277329899662E-27
1.52896742516181E+128 5.92318903583869E-27
2.06141496258367E+128 1.42565223835123E-29
2.7792820030253E+128 1.49020260358768E-27
3.74713902467201E+128 4.66307086294047E-29
5.05204252570814E+128 5.90457635383799E-28
6.81136555476472E+128 1.90284972368823E-28
9.18335514488344E+128 3.58645591391614E-27
1.23813662677476E+129 8.28690064629949E-27
1.66930526193941E+129 3.15895824966609E-27
2.2506240404156E+129 7.12400403576661E-27
3.03438124038026E+129 4.88983867210321E-27
4.09107400730994E+129 1.35634969898693E-29
5.51574940899329E+129 7.75495415486469E-28
7.43655369921174E+129 9.40534462801156E-31
1.00262587765658E+130 7.72525306656571E-28
1.35178026167318E+130 1.12864135536139E-29
1.82252415040393E+130 4.89756095506095E-27
2.45719986671098E+130 7.64793123336069E-27
