5.79704212593927 0.013704842752507
10.3213616798755 0.0265940954586632
12.8503966922123 0.0417780614855156
17.3906209141544 0.0574710663063505
44.2236317339095 0.0745224266413851
39.4057382304075 0.0816115265352933
94.4313315430234 0.105053577456919
92.7962979894758 0.119320456606385
129.654199943639 0.11770091950086
148.143919672969 0.15543631678735
506.78256659333 0.156993588769093
509.025029675783 0.174383604596897
401.177205831709 0.171654035463444
1101.75225981484 0.203065644179766
1780.2242537301 0.21929937636079
1267.91206963646 0.222988411140094
1960.79659268688 0.219497741835665
5874.58744625036 0.243782325742128
2754.04526997029 0.258299553164507
15226.878413972 0.282874784509754
8122.43802328428 0.292505082924495
10679.5305873093 0.296343285053631
14178.1928816594 0.3346690366035
