1.06942006525739
1.28047227100094
-1.22266874942362
0.166995311675021
0.375353981294421
-0.835268189157668
-0.497796341901651
1.35227303048844
-1.66982030862354
-1.33854409744377
2.66552712069375
0.0330095596576754
-0.0969775857462254
1.50624556753638
-0.723096201515961
-0.492160650429001
-1.05375220649759
-1.19001578879248
-0.799285497593745
-0.249764042530232
0.177741729627776
0.267321806613472
1.29115887122954
-1.40952612683629
0.587687077452053
0.325650657836889
0.636159452861981
-0.239144080567302
-0.408399455297002
0.471952278714909
-1.05942803415537
-0.224719911198174
0.0722623127022125
0.84269862154227
-0.119817943347053
0.0442473159747286
0.211205375308048
0.509864754523671
-0.182224983942075
-1.1385633726787
-0.062809316945206
1.61055992096339
0.561895866122523
-0.650539558953915
-1.15219442395061
-0.583379168047319
0.149702903504603
-0.869844713982017
1.33591016255299
-1.01600719151785
0.990984759616445
0.549451487593806
-1.35916208449594
-0.521456192143448
1.12842821859693
0.763979292263507
0.163383138262403
0.276108973651239
0.0173308937359754
-0.230419635745076
0.274619464493476
0.905698070989046
2.00580218380882
0.451038028183789
2.04893899295216
-0.839704966132309
1.02727265300389
-0.380783853937818
-0.0457097528681819
0.0461840877858379
0.663459021282014
0.125585881770861
1.93191989641121
0.924063195598933
-0.355264742030078
1.25160555887296
-1.3338276278501
0.205176851933907
0.228303974499676
0.235466561244965
1.07463106898
-0.513199516163465
0.447599825971735
-2.31044136156034
0.932334031444105
-1.08298252205617
0.0673061789411558
1.40825577833056
-0.838748115862573
0.507454993630733
-0.550509654625614
0.0826027117300869
0.362528584717235
2.17031201767393
0.485827011349064
0.0739162202833577
0.0773126112353208
-0.515507623156755
1.07871386669522
1.11411074086058
1.47408358412961
-1.39977947759042
0.896313483893786
-0.827992759715424
1.0149688225224
-0.372825093536502
2.01219305802143
1.14615137131712
0.609898325209227
-1.51701374236251
0.672320913439267
0.339669223537169
-1.60365194417198
1.18236311994331
0.0818064583895993
-0.0373027586181326
-0.145482025862446
-0.103908419438474
-0.53238633164004
-0.175656107107093
-0.088540107846336
-0.33492906101367
0.733912743646001
0.457420989546956
0.394722005377004
2.78094009443125
0.910296446485368
1.79741436519915
1.49962877591815
0.45617455374605
-1.00063654094455
1.99401198452675
-1.08828456915022
0.556284398541395
0.0627775865822645
0.0658496641207544
-0.543061669729201
-0.199329989247934
0.143162026395691
0.404087619186354
1.44617142863017
0.444386495667115
0.69304092386952
0.329796148074662
-2.02128911376229
-0.9369179347855
0.948052929442229
0.0732191568169382
-1.0979694850715
-2.4047212461565
1.65834300268316
0.298315112552607
-0.578906927787077
-0.784457488598156
-0.947068600720905
-1.58908066216527
0.804449930905037
-0.340274445585205
-0.315483066536544
-1.41558701963792
-0.0720060592843565
1.86675749115598
0.189512001324801
0.481110049757489
-1.27196026701255
0.668559567223629
0.778239732924885
-0.32061970331743
-0.396013242839351
0.394854067068812
1.18634868229368
-0.305665674936746
-0.738964664251288
0.242107072612252
-1.38624864409901
-0.0941700791691808
-0.0369413399806325
-0.67402289191994
1.92041862096168
-1.19244206670933
-0.854767147574996
1.08281585657634
-2.46547179411591
-0.397406215212309
-0.21530354544374
0.181204702468146
-1.10684739742432
1.07457258082313
0.500568155066977
-0.792398030494672
-0.258367193558847
-1.25808436602771
1.01701261791983
-1.04690545160895
0.452107801186368
-0.228704069862374
-1.37150028600497
-0.591907297701571
0.623316001142835
-0.0257863560025047
0.183188465476618
-0.0920454572807586
1.14964086033248
0.774880724407565
-0.647087720949371
2.06591334880597
-1.0878936358967
0.523136342214566
0.625351656670615
-1.62308622299374
0.611273774147339
0.315595676357295
0.116332101417265
1.69539648426432
1.91521793484881
-0.377851455442387
0.260456328801891
0.188494252222617
0.0703951258483934
-2.15164195216304
-1.00126505664301
0.542857117376605
0.304932047885387
-0.845549629709134
-0.474588377610857
1.19709078572279
0.255646963984235
-0.216350847898441
0.14077886534906
0.38092393733472
0.856502889011528
1.02089590876109
-0.783642821930004
0.375480374741404
0.543718038754621
1.32360850560924
-0.74614362029274
0.886240764116989
0.057417254464939
0.961951080205729
0.149328793692487
-1.38542881219863
0.884419823100207
0.268668536007418
0.972187337706515
-0.0869129185417735
1.3487384159506
-0.783615490204244
-0.997120601296292
-1.39921477478729
1.25752394781413
0.617078972040587
0.910130222847737
-0.488307697306023
0.636900813734675
0.461917464577108
-0.35072533842499
0.847843769885644
0.674631645086361
0.451838994384423
2.1934702816122
2.31217571492506
0.392571623616949
0.235626017527701
-2.3836797716887
-1.15504723937288
0.610022960370783
-1.02970160859805
0.479701712124536
0.791402658991458
0.270491483248354
0.670798597271353
0.605485734413749
0.966734955829007
0.514375783239817
2.01075232599203
0.410667700868916
-1.81593086459134
0.54965122076856
0.292184466605469
-0.605991316839117
-0.716845180575588
1.80413422768077
-0.881117474920846
0.871491927532232
0.0872540871609764
0.888094799272789
-0.708490205241013
2.13580358399731
0.561288150259994
-0.599229971470792
-1.20238578254703
0.324148611609036
-1.85617212745906
3.37980815536646
-0.168983081587731
0.0758834006388116
-1.0369977105234
-0.658054947636169
1.75347215513901
-0.483559330030903
0.523867180270198
0.680318310646966
0.549847573560313
0.564269782722278
-0.239581835891706
0.014099101295192
-0.918709304019777
-1.65239824863572
-0.607233246033296
0.216861652170892
0.0829788262632603
-0.606160317711295
-1.99520837293269
0.711457376737895
-0.911679699910788
-0.0746033016491831
-0.139449247625696
-1.15751368863994
0.34290448457113
1.42265275529941
1.3120891535141
0.527467549002711
-1.39780553314165
0.826866401080354
0.290319044070892
0.14591641616024
0.456375584070139
-1.7244933474224
1.39202377009272
-1.1580474219448
-0.472392776173797
-1.0675824640699
1.15139908620945
-1.35585537656404
0.105167119459189
-0.0205923003323084
0.381556688529836
0.878742423323163
-0.79989724386735
0.176192577454872
1.03137490634721
1.22085014756599
-1.54073694983
1.65623104697668
0.383826074639397
-0.867424990825413
-0.895075784723234
-0.18015480712004
-0.221351653133814
0.0430579726101189
1.61678966920066
2.23513222884856
-2.29977670337487
-0.541516001240112
-0.424653405751296
1.08481614193098
0.0714962511647825
-0.920533673378857
-0.838276075947225
-0.813870787669216
-1.03027827014327
1.05642416873854
-0.811529597568579
1.65708492292722
-0.370908055298317
0.455513681449012
0.0497194831304504
-1.94687994487306
0.000875597971445156
-0.0299110583133051
1.23725901283225
1.46988134862514
1.66723880593418
1.24902112416287
1.22154360191124
-0.06597847592083
0.150440686960108
0.361321664887648
-1.73802261311656
0.776713693883815
-0.0934366499168788
0.3157263574582
-2.17599900814058
0.298830432256283
-0.986790432080981
-0.448565757519507
0.750157553360491
-2.18496480544229
0.0342165751119779
-1.64663583425565
-0.651104912629137
-0.861990950013436
0.723846851460703
-0.0586670086040802
0.330621005568925
-0.953892565872571
0.248630416314901
-0.587331471388608
1.83305508508097
1.50767271576576
0.217651568711926
1.18656728975739
0.304496333638611
1.94669885744265
-0.298625091614446
-0.259200406141482
0.316720269705067
-1.63196875554599
-1.00161175929789
-0.625010148968045
-0.669180108649524
-0.110003292420505
2.61375242250123
0.38464830631867
0.267485646897322
-0.45803420290809
1.0529324937834
-0.71327688054101
0.151515986161688
-0.0877237676843947
1.00276077505071
1.18580116891337
-1.58556391709107
-1.09405998123071
0.17234463934247
1.21955811766432
0.205714957166342
1.88228976702856
0.0552509660940841
1.09179781637123
0.385206330545151
0.709142409893918
-0.0277536159563428
-0.111754831529581
-1.93122044287117
-0.463993387712589
0.488777767148006
1.36605077032683
-0.575726080583986
-1.08271539929178
0.290136543303915
0.322026686762356
-0.678325513975109
-1.15077505066215
-1.83980815283634
-0.213419088429176
-0.890682820940666
-0.257314266735982
0.0693371208403306
-1.13740569471808
-0.531130697152416
1.94864938984811
-1.91292843464062
1.28471395828275
-0.678193084460415
0.997542933258282
1.97585367909036
0.658392755946925
-0.609935059603207
-0.614662735654554
-0.215816881288606
-0.41363853098088
0.695027627743188
0.465469755189028
-1.88868259588537
-0.578027064037225
0.0968620816176868
0.386181051621633
-0.448479339398315
-1.09578301511692
-0.928650297845383
0.293094741110926
-0.964897052734483
-1.54533211378055
0.621558479093798
-1.65990201313829
-0.410753364273734
-0.453708044049093
1.47752026182259
-0.904830523929657
1.86140357602672
1.14189295847264
-1.18466178103167
-0.598462209792274
0.334588124059139
1.06583927029471
-1.54425014170331
-0.38911535593197
0.203398068417671
-1.29238854511468
-0.226115288818391
-0.391976861967607
1.72086271598581
-0.997995873513711
0.609667193528011
-1.94553383111194
1.23089536571123
-1.18835640315288
-1.06923203090714
-0.519634809921786
0.560338309341682
-0.40028587516168
-0.74739360873787
-1.17792632978698
0.52466282875885
-0.971612301723673
-2.03255456619054
-0.474136691974124
-1.98850180088594
1.53298537859627
-1.53185301096643
-0.703755525129442
-0.153152042569452
-1.13116478066547
1.21708046790646
1.07134003948391
-0.709540373401818
1.85059816857569
-0.865874502989944
0.594826904380761
-1.45772753262104
0.0423125035196153
0.529726163262402
-0.202038727855362
-0.180355675200456
-0.989066528702366
-0.849462831064643
0.170098502036094
-0.277561856832605
0.486886770657277
-0.603786811316132
-1.13218925321043
-0.627273763399314
1.77164104626015
0.151185906871094
-1.55166336873844
-0.729758814363007
-0.0563264856367258
0.339564370843545
-0.44757588292996
-0.607858080400784
1.1570885070933
-1.09834796989993
0.234729125077051
0.755802142493099
0.0104379861103311
-0.317179240502004
-0.577547493700923
-0.585937096793669
-1.3415365988427
-0.190555812546474
-0.208261821662737
0.790872365428498
1.36386421683116
-0.524486754274086
-2.71544012652728
-1.16697734973374
-0.936150572457095
0.313489382901218
0.489692921498879
-1.28347559999301
-0.944833342862335
-0.234660703216042
-0.645084460081074
-0.193862149101005
0.206395888010654
0.276465151288885
0.109374655353008
1.1551631784852
-0.925531240302704
0.0461821539114202
1.09522865096853
0.793703880880338
-0.985965632629994
-0.400828028253921
0.0306483987530457
-1.91998680493149
-0.801265697601919
1.37579271262153
-0.358334242908353
0.796086998028006
0.354344182992934
-0.179258983335789
0.234095279936976
2.93298426264965
0.145497049170002
-0.872485440855446
-0.900279571278438
1.19723819015656
-0.477556935667181
-1.66319068500226
1.80747776352588
1.47522637895368
0.963190643660856
-0.382011098099091
-0.0875291381505154
-0.189572606013252
0.181800568107252
1.03818114610332
-1.72422055573352
1.23339591845004
-0.166363237489297
-0.0565436502567238
-0.181786038185315
-0.147758780047862
-0.598661764590283
-1.37027493441894
-1.13413762599454
-0.767798774385664
-0.185934915652847
-1.93833319106368
-1.27595472584216
-0.430583847113881
0.557001195100554
-1.98965801735626
1.0954378238007
-0.341052030491021
-0.82818364539745
0.181614958329118
0.527381596311349
-2.63138355962737
-0.462711056259703
-0.540395936358832
0.424214016802078
0.53695087989134
0.85627068934661
-0.0515206514824094
1.0664125674394
-0.0501137135633363
-0.44071580978088
-0.70031484569811
0.398462651224799
-0.00993540232181097
-0.55964396021154
0.327647480039989
0.32318560826622
0.0484316287647384
1.04265359201784
-1.00167859142843
0.556563919598069
0.666871602732009
-1.96114747612084
-1.07234074215272
-0.737708763902774
-0.196589310205097
1.46437210473851
-1.33358246642129
1.98183138798996
1.90755619301094
-0.618178788360619
-0.289001357298677
-0.509977144711328
0.129112197569439
-3.05862111978164
-2.62276475704474
1.6507434472065
-1.589309667883
-0.329370250489049
0.296003358459032
0.132613740393015
0.294395392985793
0.00675869170691248
0.00603610974750499
-0.125177077002481
-0.3116114171272
0.828483604959997
0.602927734987815
0.476681594361418
-0.103431770832686
1.12363613034779
-0.299684824245079
0.294466041902227
-0.152985009311889
-1.07699014012589
1.86368604029451
0.852582358339334
1.08422230005079
0.266893547821207
0.466531509915421
0.235504685303837
-0.119254742632609
0.648971556885617
-1.56837077358372
0.22961554806396
1.21569061086711
0.606978255357677
0.540754080046507
1.46708036935068
0.768845717746112
-0.339025946950988
-0.65495825294817
0.141269178982287
-1.5035429261588
-0.88874548321358
-0.965803978717324
-0.669945431298861
1.98808810455969
0.738493720322904
0.311891593053949
-0.119880921910028
2.06817375610265
-1.20902903894736
-0.0856593725288233
-0.00493748893800201
-0.978625604261025
-0.21711917324584
-0.755935311274968
0.431704570009171
0.743823711997936
-0.348939570538894
1.62589046353166
-1.04293050332572
0.522347406029219
-0.322491066527664
-0.324092490381274
-0.232849953488736
-0.56314006013236
-0.454345531222127
0.77339425717609
0.154983290931266
-0.5652648851013
-0.456668953293739
-0.103078074432543
-0.468933343044395
1.03914660207944
0.0575716377907992
-0.232335876181183
0.0558096288804081
-0.44665040578532
0.249515652650034
-0.607782478570654
-1.25387807726108
-0.598663112659452
-0.0413534817233942
0.260808889793789
0.00703204424555223
-0.580582986290349
-0.140631423635025
0.617924914606441
1.38681672839243
0.716430418695867
1.11764527815001
0.61466834563367
-0.385963792325294
0.113542546743038
0.0605802613625188
-2.30823420808381
-0.989834304906129
0.307898399096513
-0.206494839577327
-0.658988877589395
-1.48565115081451
0.585229484700222
-1.23091541690778
-0.785967167557198
-2.16206882748949
0.205142054878949
-1.61359870911903
-0.674888748282926
1.11705092739001
-0.15989200907554
0.914645311798154
0.230912923812849
-1.47705262555049
0.616332253629921
-0.914830116682946
0.483437595052579
-0.248666939453233
0.49404861455151
0.612811847680283
-0.349402950807062
-0.737150739082178
-0.217151258309676
-0.851444856906062
-0.481675408000389
-2.88708007091023
-0.434401031452138
-0.674796983867824
-0.10001105629978
0.0817706379017612
-0.536673378975858
0.31568255884257
0.403509345883398
0.856514835255527
-0.0406309719234748
-0.829659799207161
-1.73072277476035
1.38799239139612
-0.511336101658114
0.242670878713736
0.442587836676532
1.16842613660475
1.08184995411464
0.186648579748203
1.27609250499901
1.11475551414271
0.121841128132716
0.303002621511867
0.369359865982062
1.7644483886889
0.0868656719700659
-0.79627941461219
-0.515597378403136
0.782992223153799
-2.71882696375883
-0.30015150075911
-0.588404315109671
-1.6298634103444
-0.815467126279716
0.688721239004312
-0.633432424775927
0.0147254255319951
-0.23505980408059
0.203823932708925
0.587976410315136
-0.298724468201447
-1.32867450745843
0.145681426697725
1.13722857554862
0.0828762949209259
0.917181990848294
-0.381891184631578
-1.12725231645707
-2.36475739010819
-0.769905534146896
-1.59252725801755
-1.84789680569989
-0.924267802623649
-1.33091688838513
-1.96305112207138
0.392670302204569
-0.549884172724474
-0.245929582481823
-0.791152801914444
-0.833852818756016
0.582360386723273
0.116930071290146
2.20051454844408
0.180174946422908
-0.629531894125577
-1.08858485537362
-1.16665443075037
-0.75371434319195
-0.0688348365343093
-0.907816499715055
-2.04230927367627
0.543634885012481
1.03597985070709
-1.13469538347024
-0.0118046308414681
0.965346303084912
-0.591198349502113
0.568422273578646
1.1827256453683
0.419879502965108
0.389169440008815
0.651749765142411
0.899229228500473
-0.411904227226316
1.25366965928344
0.489156622100465
-0.852124621151648
-1.28146790147041
-0.835413868797105
0.727628453586067
1.08524672985901
-0.275590315487056
0.221750697731382
0.0672389574536336
1.5732779399145
0.774976328410242
1.24319799354071
-0.247481674813497
0.459485381912242
0.961563167454792
-0.826558264256888
0.480351709038215
-0.0997973561930701
-0.469306565546065
1.02088984395816
-0.0617857804728339
-1.00430054385296
1.16592928404137
0.189727499815285
0.163579864326544
-0.546950296735937
2.25973311463338
1.55179873381191
-0.740075414211495
-0.525188335578452
0.00859168704308564
-0.994861416761325
0.119509681485844
0.603271966485991
-0.0484369225506537
-1.55652366660693
0.376238350885219
-1.98168039739689
0.59837125827191
-0.193178278859472
0.0873642524265416
0.385514021622997
0.503410362187036
0.580390536290728
-1.79941166142736
0.445874922294118
-0.997982920714832
1.02615345414277
-1.14933684202729
-0.540885039126885
0.926362511150693
0.869991643050272
1.58707268151587
0.631981485190871
0.491954816256097
0.24065149473264
-0.432441098639628
0.547651908262984
-0.801481177723371
-0.294689293470998
-0.605724336029359
-1.93397684221523
-1.35587450064272
0.349123720241267
-1.44338272303496
-0.95314401358807
-0.457480958693453
1.19401543413371
-0.421270598009665
-0.561430602995093
0.383893861457639
0.457344253080357
0.676596815916897
-1.07072069143416
0.17050492548487
1.22072048573261
0.379438650348944
-0.0954746728185142
-0.805899337898998
-0.770102988762629
-0.688529544329327
-0.760860718861458
0.510918752705082
-0.206383922328105
0.714639014863135
-0.172291319275122
-1.06600925723752
-2.31683125935608
-0.952449575293603
-1.08443204665826
0.877314221318232
-1.85137903472029
-0.441315190051599
0.0148025705642881
-0.0219919849353863
0.644089412425131
0.379765611386242
-0.691029473591611
-0.199957766337931
-0.367818046698754
0.3518474045871
0.00128560387501669
0.176727167030617
-1.00453298595863
-0.210974510246298
1.05359464078045
1.45404143738264
-0.347798223158026
1.08197388821363
-0.76558684570091
-0.344485790427039
0.520093854942434
0.666013493924995
0.54162430942782
0.328958952785785
0.412659473190022
0.0858706188016014
0.3304415320584
-0.337770639014051
0.12896384207398
0.430308371391519
-0.950239561157847
0.0639826304951969
-0.155192684012101
0.360186997573897
0.020193957328576
0.874679028749029
1.75442265533419
1.27700631408773
2.77645990151711
-0.466889884002061
0.116247933441925
1.29395636579925
-0.921624343291823
-0.205756819230347
-0.771503245830193
-0.517914166883608
0.424689602730504
1.6010793921333